0.00000
2.50161
2.50161
2.50161
2.50161
2.50161
2.50161
2.50161
2.50161
2.50159
2.50153
2.50140
2.50120
2.50089
2.50048
2.50009
2.49999
2.50045
2.50135
2.50236
2.50306
2.50303
2.50299
2.50290
2.50269
2.50219
2.50162
2.50110
2.50068
2.50040
2.50027
2.50028
2.50047
2.50077
2.50107
2.50131
2.50142
2.50138
2.50124
2.50112
2.50135
2.50232
2.50416
2.50677
2.51121
2.51538
2.52040
2.52775
2.53548
2.54553
2.55564
2.56646
2.57951
2.58732
2.57544
2.52631
2.51209
2.51198
2.50770
2.50747
2.50620
2.50634
2.50548
2.50563
2.50488
2.50499
2.50442
2.50452
2.50405
2.50403
2.50353
2.50354
2.50347
2.50341
2.50338
2.50332
2.50326
2.50316
2.50308
2.50297
2.50289
2.50289
2.50288
2.50286
2.50284
2.50282
2.50280
2.50275
2.50253
2.50224
2.50201
2.50184
2.50167
2.50138
2.50069
2.49963
2.49822
2.49676
2.49535
2.49454
2.49380
2.49299
2.49227
2.49152
2.49059
2.48899
2.48677
2.48293
2.47342
2.45459
2.43719
2.41808
2.40238
2.38985
2.38742
2.49348
2.58268
2.66338
2.74483
2.81742
2.88461
2.94580
2.94638
2.94750
2.94972
2.95413
2.96281
2.97971
2.99744
3.01480
3.03337
3.05243
3.07292
3.08301
3.08457
3.08766
3.09369
3.10246
3.11794
3.13366
3.14336
3.14844
3.15014
3.15140
3.15216
3.15281
3.15328
3.15351
3.15326
3.15209
3.14960
3.14390
3.13215
3.10486
3.07835
3.04668
3.00356
2.94707
2.87747
2.79289
2.68926
2.61207
2.56502
2.56158
2.57835
2.59326
2.60903
2.62078
2.61292
2.55508
2.52208
2.51828
2.51291
2.51128
2.50822
2.50790
2.50616
2.50637
2.50604
2.50580
2.50570
2.50548
2.50534
2.50513
2.50497
2.50481
2.50471
2.50467
2.50466
2.50465
2.50463
2.50458
2.50450
2.50437
2.50424
2.50404
2.50366
2.50319
2.50272
2.50237
2.50193
2.50125
2.49991
2.49824
2.49643
2.49468
2.49317
2.49223
2.49156
2.49085
2.48970
2.48795
2.48129
2.44847
2.42730
2.40843
2.38766
2.43669
2.55389
2.64316
2.71530
2.80095
2.88058
2.94731
2.95343
2.96557
2.98595
3.00462
3.02232
3.04020
3.05664
3.07462
3.08310
3.08503
3.08885
3.09625
3.10988
3.12780
3.13999
3.14705
3.14995
3.15117
3.15213
3.15277
3.15335
3.15365
3.15344
3.15189
3.14764
3.13689
3.10916
3.04880
2.95230
2.84077
2.72277
2.59678
2.56051
2.58594
2.60623
2.62020
2.53523
2.51160
2.51584
2.50863
2.50931
2.50615
2.50721
2.50527
2.50573
2.50592
2.50561
2.50553
2.50535
2.50529
2.50515
2.50506
2.50490
2.50477
2.50469
2.50468
2.50465
2.50459
2.50450
2.50437
2.50424
2.50398
2.50352
2.50304
2.50263
2.50223
2.50168
2.50071
2.49922
2.49745
2.49567
2.49424
2.49318
2.49222
2.49114
2.48980
2.48610
2.47270
2.44722
2.42284
2.39869
2.38282
2.48716
2.58521
2.66853
2.75394
2.82971
2.93388
2.95061
2.95608
2.96687
2.98774
3.00862
3.02703
3.04471
3.06544
3.08339
3.08536
3.08576
3.08658
3.08820
3.09139
3.09759
3.10913
3.12774
3.13943
3.14688
3.14966
3.15101
3.15195
3.15262
3.15320
3.15360
3.15371
3.15324
3.15164
3.14770
3.13784
3.12108
3.10146
3.07185
3.02266
2.96330
2.88381
2.79206
2.69047
2.62627
2.57466
2.55934
2.57912
2.59484
2.60726
2.61927
2.61337
2.54432
2.51995
2.51843
2.51285
2.51163
2.50824
2.50822
2.50632
2.50639
2.50599
2.50573
2.50565
2.50542
2.50528
2.50506
2.50488
2.50467
2.50462
2.50461
2.50459
2.50455
2.50449
2.50439
2.50424
2.50411
2.50381
2.50339
2.50291
2.50255
2.50216
2.50168
2.50054
2.49909
2.49763
2.49628
2.49485
2.49382
2.49317
2.49259
2.49193
2.49126
2.49037
2.48923
2.48628
2.47597
2.46125
2.44680
2.43188
2.41656
2.39806
2.38426
2.42666
2.53089
2.61814
2.69552
2.77666
2.85815
2.93107
2.95122
2.95857
2.97303
2.99042
3.00758
3.02526
3.04020
3.05191
3.06394
3.07611
3.08727
3.08865
3.09138
3.09672
3.10615
3.12233
3.13598
3.14464
3.14881
3.15055
3.15175
3.15250
3.15313
3.15356
3.15346
3.15225
3.14948
3.14482
3.13888
3.12962
3.11211
3.07298
3.03471
2.99740
2.95411
2.90194
2.84038
2.77135
2.69062
2.61434
2.55611
2.56986
2.58233
2.59354
2.60632
2.61865
2.61492
2.55730
2.52277
2.51771
2.51186
2.51045
2.50759
2.50765
2.50563
2.50593
2.50607
2.50585
2.50573
2.50553
2.50536
2.50516
2.50498
2.50478
2.50477
2.50475
2.50471
2.50465
2.50455
2.50441
2.50427
2.50403
2.50356
2.50307
2.50259
2.50221
2.50177
2.50099
2.49964
2.49801
2.49625
2.49527
2.49449
2.49366
2.49277
2.49188
2.49129
2.49072
2.49003
2.48906
2.48738
2.48330
2.46887
2.44319
2.41983
2.40660
2.39606
2.38626
2.42371
2.52104
2.60695
2.68128
2.76509
2.84011
2.91447
2.95009
2.95874
2.97572
2.99177
3.00747
3.02722
3.04503
3.07273
3.08521
3.08680
3.08996
3.09610
3.10054
