$ 1 5.0E-6 166.34793248332176 50 5.0 43
c 496 208 496 288 0 1.4E-7 47.932197426568194
c 784 208 784 288 0 1.4E-7 48.000005691400915
l 496 208 400 208 0 40.0 -0.47999998003204114
l 864 208 784 208 0 0.028 -0.47999465093414145
r 864 208 928 208 0 100.0
r 784 288 784 368 0 1000000.0
w 784 208 496 208 0
r 400 288 336 288 0 0.1
R 496 384 496 448 0 1 10000.0 1.0 0.0 0.0 0.5
R 400 208 384 208 0 0 40.0 48.0 0.0 0.0 0.5
g 784 368 784 384 0
g 928 208 944 208 0
r 576 288 576 352 0 100.0
s 496 288 496 384 0 0 false
o 5 64 0 35 2.5 9.765625E-5 0 -1
o 4 64 0 35 80.0 0.8 1 -1
o 6 64 0 35 80.0 0.8 2 -1
