$ 1 5.0E-6 204.8780465020098 50 5.0 50
a 688 304 880 304 1 15.0 -15.0 1000000.0
r 688 400 880 400 0 100.0
r 688 400 688 512 0 100.0
w 688 400 688 320 0
w 880 400 880 304 0
r 624 288 624 400 0 1000.0
w 688 288 624 288 0
w 624 288 624 224 0
w 624 224 624 160 0
r 624 160 496 160 0 1000.0
R 432 160 432 96 0 1 69.0 0.5 0.5 0.0 0.5
r 624 224 432 224 0 1000.0
R 368 224 368 160 0 1 66.0 0.5 0.5 0.0 0.5
c 368 224 432 224 0 9.999999999999999E-5 -2.0119808221432334
c 432 160 496 160 0 9.999999999999999E-5 -1.9973783714382605
r 624 288 368 288 0 5000.0
c 368 288 304 288 0 1.0E-4 -0.020188755300164507
R 304 288 304 224 0 1 14.0 2.5 2.5 0.0 0.5
R 624 400 624 448 0 0 40.0 2.5 0.0 0.0 0.5
R 688 512 688 560 0 0 40.0 2.5 0.0 0.0 0.5
p 960 304 960 432 0
g 960 432 960 496 0
w 880 304 960 304 0
o 17 64 0 35 5.0 0.00625 0 -1
o 12 64 0 35 2.5 0.003125 1 -1
o 10 64 0 35 1.25 0.003125 2 -1
o 20 64 0 34 4.676805239458889 9.765625E-55 3 -1

